header:
  seq: 5368
  stamp:
    secs: 1596444838
    nsecs:   7554368
  frame_id: "head_mount_kinect_rgb_optical_frame"
height: 1080
width: 1920
distortion_model: "plumb_bob"
D: [0.038845029832832015, -0.03666840567661785, 0.00042038483927303247, -0.0011109382936199533, -0.005973432272601161]
K: [1045.2388908391526, 0.0, 951.8466822597985, 0.0, 1046.345842268218, 506.92121316719243, 0.0, 0.0, 1.0]
R: [1.0, 0.0, 0.0, 0.0, 1.0, 0.0, 0.0, 0.0, 1.0]
P: [1045.2388908391526, 0.0, 951.8466822597985, 0.0, 0.0, 1046.345842268218, 506.92121316719243, 0.0, 0.0, 0.0, 1.0, 0.0]
binning_x: 0
binning_y: 0
roi:
  x_offset: 875
  y_offset: 680
  height: 179
  width: 197
  do_rectify: False
