image_width: 1280
image_height: 720
camera_name: k4a_rgb
camera_matrix:
  rows: 3
  cols: 3
  data: [614.31934,   0.     , 639.14972,   0.     , 614.2807 , 361.43188,
           0.     ,   0.     ,   1.     ]
distortion_model: rational_polynomial
distortion_coefficients:
  rows: 1
  cols: 8
  data: [0.375471, -2.450871, 0.000045, -0.000245, 1.414334, 0.255212, -2.273288, 1.341647]
rectification_matrix:
  rows: 3
  cols: 3
  data: [1., 0., 0., 0., 1., 0., 0., 0., 1.]
projection_matrix:
  rows: 3
  cols: 4
  data: [614.31934,   0.     , 639.14972,   0.     ,   0.     , 614.2807 ,
         361.43188,   0.     ,   0.     ,   0.     ,   1.     ,   0.     ]
binning_x: 1.000000
binning_y: 1.000000
roi:
  x_offset: 0
  y_offset: 0
  height: 720
  width: 1280
