image_width: 512
image_height: 512
camera_name: k4a_depth
camera_matrix:
  rows: 3
  cols: 3
  data: [251.83403,   0.     , 258.83643,   0.     , 251.89618, 255.1747 ,
           0.     ,   0.     ,   1.     ]
distortion_model: rational_polynomial
distortion_coefficients:
  rows: 1
  cols: 8
  data: [0.182687, -0.053050, 0.000054, -0.000015, 0.000025, 0.520379, -0.058878, -0.007457]
rectification_matrix:
  rows: 3
  cols: 3
  data: [1., 0., 0., 0., 1., 0., 0., 0., 1.]
projection_matrix:
  rows: 3
  cols: 4
  data: [251.83403,   0.     , 258.83643,   0.     ,   0.     , 251.89618,
         255.1747 ,   0.     ,   0.     ,   0.     ,   1.     ,   0.     ]
binning_x: 1.000000
binning_y: 1.000000
roi:
  x_offset: 0
  y_offset: 0
  height: 512
  width: 512
